                                        PREDICTED
KNOWN   | 0      1      2      3      4      5      6      7      8      9      
--------------------------------------------------------------------------------
0       | 1.00   0.00   0.00   0.00   0.00   0.00   0.00   0.00   0.00   0.00   
1       | 0.00   0.81   0.00   0.00   0.00   0.00   0.00   0.06   0.00   0.13   
2       | 0.00   0.00   0.94   0.06   0.00   0.00   0.00   0.00   0.00   0.00   
3       | 0.00   0.00   0.00   0.94   0.00   0.00   0.00   0.06   0.00   0.00   
4       | 0.00   0.00   0.00   0.00   0.88   0.00   0.00   0.00   0.00   0.13   
5       | 0.00   0.00   0.00   0.06   0.00   0.94   0.00   0.00   0.00   0.00   
6       | 0.06   0.00   0.00   0.00   0.00   0.00   0.94   0.00   0.00   0.00   
7       | 0.00   0.00   0.00   0.00   0.00   0.00   0.00   1.00   0.00   0.00   
8       | 0.00   0.00   0.00   0.00   0.00   0.00   0.00   0.00   1.00   0.00   
9       | 0.06   0.00   0.00   0.06   0.00   0.00   0.00   0.13   0.00   0.75   

* Average Accuracy is 0.92.